name: hawkeye
channels:
  - anaconda
  - conda-forge
  - defaults
dependencies:
  - altgraph=0.15=py_0
  - blas=1.1=openblas
  - bzip2=1.0.6=h1de35cc_1002
  - ca-certificates=2019.1.23=0
  - cairo=1.16.0=h9247486_1000
  - certifi=2019.3.9=py36_0
  - ffmpeg=4.1.1=h5c2b479_0
  - fontconfig=2.13.1=h1027ab8_1000
  - freetype=2.10.0=h24853df_0
  - gettext=0.19.8.1=hb0f4f8b_2
  - giflib=5.1.7=h01d97ff_1
  - glib=2.58.3=h2836805_1001
  - gmp=6.1.2=h0a44026_1000
  - gnutls=3.6.5=h53004b3_1002
  - graphite2=1.3.13=h2098e52_1000
  - harfbuzz=2.4.0=h92b87b8_0
  - hdf5=1.10.4=nompi_h0cbb7df_1106
  - icu=58.2=h4b95b61_1
  - jasper=1.900.1=h636a363_1006
  - jpeg=9c=h1de35cc_1001
  - lame=3.100=h1de35cc_1001
  - libcxx=4.0.1=h579ed51_0
  - libcxxabi=4.0.1=hebd6815_0
  - libedit=3.1.20181209=hb402a30_0
  - libffi=3.2.1=hd939716_3
  - libgfortran=3.0.1=h93005f0_2
  - libiconv=1.15=h5ed5702_6
  - libpng=1.6.37=h2573ce8_0
  - libtiff=4.0.10=h79f4b77_1001
  - libwebp=1.0.2=h14d73da_2
  - libxml2=2.9.8=h422b904_2
  - libxslt=1.1.32=h88dbc4e_2
  - macholib=1.8=py_0
  - ncurses=6.1=h0a44026_1
  - nettle=3.4.1=h3efe00b_1002
  - numpy=1.16.2=py36_blas_openblash486cb9f_0
  - openblas=0.3.3=hdc02c5d_1001
  - opencv=3.4.4=py36_blas_openblash9728b0c_1204
  - openh264=1.8.0=hd9629dc_1000
  - openssl=1.1.1b=h1de35cc_1
  - pcre=8.41=h29eefc5_0
  - pixman=0.34.0=h1de35cc_1003
  - pycrypto=2.6.1=py36_1
  - pyinstaller=3.4=py36ha92aebf_0
  - pyside2=5.6.0a1=py36h45ccf91_3
  - python=3.6.8=haf84260_0
  - qt=5.6.2=h9e3eb04_4
  - readline=7.0=hc1231fa_4
  - setuptools=40.6.2=py36_0
  - sip=4.19.8=py36h0a44026_0
  - sqlite=3.27.2=ha441bb4_0
  - tk=8.6.8=ha441bb4_0
  - wheel=0.29.0=py36h3597b6d_1
  - x264=1!152.20180806=h1de35cc_0
  - xz=5.2.4=h1de35cc_4
  - zlib=1.2.11=h60db283_1
  - pip:
    - pip==18.0
prefix: /Users/jack/anaconda/envs/hawkeye

